    0.7183    2.4258
   -2.1398   23.2324
    1.9913    0.9948
    2.9626   13.9359
   -0.5841   -4.1377
   -0.5378    6.3379
   -0.3434    3.6612
   -2.2096   17.2565
    1.7538   12.7156
    4.0366   42.3614
    4.0853   36.5502
    2.4720   10.3114
   -2.3949   17.4553
    1.8964   11.8155
   -3.6817   46.6235
   -3.7650   46.3679
   -3.0910   33.5358
   -3.5427   42.3914
    0.8504    4.8807
   -4.2664   66.0482
    3.2233   26.9310
    2.2290   13.1108
    4.2586   47.0613
   -0.0736   -2.6319
    1.5488    7.2654
    3.9012   35.5719
    0.3853   -3.6129
   -2.1779   15.2899
    4.7596   62.9197
   -4.6357   78.6661
   -1.7376    6.4971
    4.7301   58.0699
   -1.3497   10.1720
   -1.9085   13.3026
   -3.7909   54.7379
    4.1577   45.5607
   -3.6452   47.5419
   -1.6788   10.5833
    3.9748   43.1556
   -0.0035    4.4043
    1.1529    4.5589
    0.8313    0.4515
    1.9825   12.5102
   -4.7067   73.2442
    0.2788    1.2533
   -4.6793   81.6309
    3.2714   25.8050
   -1.6001    8.5063
    3.4671   37.9021
   -2.5393   24.4351
