46.5470 64.9637
96.0748 613.0000
109.0678 65.4985
183.5433 52.4606
197.5470 345.9637
208.5433 326.4606
210.5470 384.9637
220.5470 363.9637
221.0748 339.0000
231.0678 311.4985
238.5470 346.9637
245.5470 375.9637
245.5470 333.9637
251.0748 314.0000
255.0748 613.0000
258.0678 351.4985
263.0748 364.0000
270.5433 52.4606
282.5470 377.9637
282.5433 336.4606
325.5470 601.9637
345.0678 52.4985
446.5470 612.9637
447.0748 40.0000
543.0678 139.4985
569.0748 65.0000
576.0748 513.0000
585.5433 231.4606
604.0748 403.0000
619.0678 127.4985
