   61.0524  516.9682
   86.0768  467.4967
   86.0524  354.9682
  111.0524  280.9682
  120.0768  151.4967
  123.0524  516.9682
  129.5696  209.0000
  142.0768  398.4967
  148.0768  467.4967
  171.0768   98.4967
  192.0524  379.9682
  197.0524  315.9682
  219.0524  204.9682
  223.0524  416.9682
  223.0524  255.9682
  229.5472  102.4943
  247.0768  500.4967
  273.0524  360.9682
  278.0768  243.4967
  286.0524  183.9682
  303.5696  121.0000
  310.0768  330.4967
  335.5472  270.4943
  341.0768  389.4967
  369.0524  188.9682
  381.0524  234.9682
  416.0524  135.9682
  430.0524  266.9682
  450.0524  165.9682
  466.0524   79.9682
  502.5696  230.0000
  510.5696   40.0000
  523.0524  116.9682
  533.0524  189.9682
  569.0524  120.9682