    8.0212   21.2160
    8.7876   35.0724
   -5.5763   -8.5063
   -0.3466    0.4010
   -2.4798   -7.0776
    0.4756   -4.4076
   -4.7025  -17.8614
   -8.6329  -29.7568
   -1.2735   -4.2145
   -6.5229  -20.1199
   -9.4779  -30.1081
    9.0936   24.2598
   -1.3881   -8.9418
    9.2312   25.7095
    5.2483   17.1623
   -9.8530  -30.2770
    3.6008    9.3454
    4.1190   12.3295
    2.9026    8.4605
    1.0462   -3.7108
   -5.6378  -18.8572
    5.4473   13.0641
   -5.4394  -24.4204
   -2.5827  -13.7338
    7.8186   20.4961
    7.1275   21.8589
   -1.9513   -8.5419
   -3.6396  -12.1321
    2.1727    1.8242
    8.2039   16.1398
    8.1820   22.8276
    1.8319    0.6421
   -3.3486   -8.5279
    7.0613   24.3891
   -1.1520   -6.5712
    8.0871   25.8399
   -9.3364  -27.1483
    0.6485   -4.2995
    4.3299   10.8898
   -6.4140  -20.4585
   -3.2693  -10.2390
   -6.2457  -18.7069
   -3.5615  -10.6612
   -1.9229   -5.7334
    0.9713   -0.0238
   -9.0252  -27.9380
    1.0546   -5.5948
   -4.5038  -19.0164
   -5.1700  -13.9040
   -5.1371  -19.3935
