   -0.6565    9.0571
   -0.1580   -2.4624
    0.0171   -2.4800
    2.0527  -26.0210
   -1.4678   15.3142
   -0.8070   11.1111
    0.3706   -9.1963
   -0.0653   -5.5378
   -1.1889   12.9158
    0.3980  -11.8928
    1.8916  -24.9038
   -2.1952    5.1011
   -0.2956    3.1488
   -2.0787    7.6107
    0.3162   -9.9718
    0.1966   -4.5949
    1.3403  -26.0294
   -1.3345   13.9817
    0.4368  -13.8303
   -0.2051   -0.0884
    1.8049  -24.2652
    0.8042  -21.6248
   -0.7306    9.2902
   -0.7641    7.8897
   -1.2314   15.0868
    2.2626  -23.5521
   -1.0090    8.1691
   -1.7080   15.5436
   -0.6935    8.0898
    1.2081  -28.2688
    1.0295  -25.7487
    1.0045  -22.2317
   -2.4689   -5.2488
   -0.6283    8.1018
    2.0075  -21.7753
   -0.9083   11.7585
    0.4854  -13.7478
   -1.0110   14.1935
   -1.8749   14.3278
   -0.5582    6.3844
    1.5884  -26.7494
    2.4059  -14.0514
    1.8099  -26.7016
   -2.0809    3.2900
   -0.8114    9.7545
   -1.3194   14.2471
   -0.9110   11.4132
    2.4222  -17.9125
    0.2413  -10.0350
    1.2463  -26.0304
